Num       RefCount Protocol Flags    Type St Inode Path
ffff8df5c414d000: 00000003 00000000 00000000 0001 03 17896 /run/user/1000/pulse/native
ffff8df5c410d400: 00000003 00000000 00000000 0001 03 17096
ffff8df5c40cc800: 00000003 00000000 00000000 0001 03 17030
ffff8df59e43dc00: 00000003 00000000 00000000 0001 03 15777 /run/user/1000/bus
ffff8df68ca32c00: 00000002 00000000 00000000 0002 03  8565
ffff8df68b880000: 00000003 00000000 00000000 0001 03 24050
ffff8df5c8ba7000: 00000003 00000000 00000000 0001 03 17955 /run/user/1000/at-spi/bus
ffff8df5966df800: 00000003 00000000 00000000 0001 03 15316
ffff8df62583a400: 00000003 00000000 00000000 0001 03 37618
ffff8df5b5df6800: 00000003 00000000 00000000 0001 03 17511
ffff8df5c40ccc00: 00000003 00000000 00000000 0001 03 17193 /run/user/1000/wayland-0
ffff8df59e43d800: 00000003 00000000 00000000 0001 03 15645
ffff8df5c414d400: 00000003 00000000 00000000 0001 03 17146
ffff8df5c410d000: 00000003 00000000 00000000 0001 03 17083
ffff8df5966dfc00: 00000002 00000000 00000000 0002 03 16413
ffff8df683ba3c00: 00000003 00000000 00000000 0001 03  8829 /run/dbus/system_bus_socket
ffff8df62583a000: 00000003 00000000 00000000 0001 03 36726 /run/systemd/journal/stdout
ffff8df68b880400: 00000003 00000000 00000000 0001 03 24051
ffff8df5c8ba7400: 00000003 00000000 00000000 0001 03 17968 /run/systemd/journal/stdout
ffff8df58123a400: 00000003 00000000 00000000 0001 03 35227
ffff8df58668e800: 00000003 00000000 00000000 0001 03 22518
ffff8df5b5df6c00: 00000003 00000000 00000000 0001 03 17480
ffff8df5b4a61400: 00000003 00000000 00000000 0001 03 16500
ffff8df68ca32800: 00000003 00000000 00000000 0001 03  8571 /run/dbus/system_bus_socket
ffff8df5c410dc00: 00000003 00000000 00000000 0001 03 17594 /run/dbus/system_bus_socket
ffff8df59e43d400: 00000003 00000000 00000000 0001 03 15799
ffff8df5c414d800: 00000003 00000000 00000000 0001 03 17213
ffff8df68ca32400: 00000002 00000000 00000000 0002 03  8877
ffff8df5c40cc000: 00000002 00000000 00000000 0002 01 17041
ffff8df5966df000: 00000003 00000000 00000000 0001 03 16421
ffff8df68b880800: 00000003 00000000 00000000 0001 03 12057
ffff8df62583ac00: 00000003 00000000 00000000 0001 03 37667
ffff8df58668e400: 00000003 00000000 00000000 0001 03 22480
ffff8df5c8ba7800: 00000003 00000000 00000000 0001 03 17274
ffff8df5b5df6000: 00000003 00000000 00000000 0001 03 17513
ffff8df683ba3000: 00000002 00000000 00000000 0002 01  9579
ffff8df5c410d800: 00000003 00000000 00000000 0001 03 17593 /run/systemd/journal/stdout
ffff8df683ba3400: 00000003 00000000 00000000 0001 03  9589
ffff8df5c414dc00: 00000003 00000000 00000000 0001 03 17215
ffff8df5c40cc400: 00000003 00000000 00000000 0001 03 17045
ffff8df59e43d000: 00000003 00000000 00000000 0001 03 16420 /run/systemd/journal/stdout
ffff8df5966df400: 00000003 00000000 00000000 0001 03 22637
ffff8df58668e000: 00000003 00000000 00000000 0001 03 22519 /run/dbus/system_bus_socket
ffff8df5b5df6400: 00000003 00000000 00000000 0001 03 17481 /run/systemd/journal/stdout
ffff8df68b880c00: 00000003 00000000 00000000 0001 03 15421
ffff8df68ca32000: 00000003 00000000 00000000 0001 03  8506
ffff8df58123ac00: 00000003 00000000 00000000 0001 03 35177
ffff8df5b4a61c00: 00000003 00000000 00000000 0001 03 18511
ffff8df5c8ba7c00: 00000003 00000000 00000000 0001 03 17255
ffff8df5c414c000: 00000003 00000000 00000000 0001 03 17909 /run/user/1000/bus
ffff8df5c40cd800: 00000003 00000000 00000000 0001 03 17500 /run/systemd/journal/stdout
ffff8df5b4a60000: 00000002 00000000 00000000 0002 01 16636
ffff8df58668fc00: 00000002 00000000 00000000 0002 01 15498
ffff8df59e43cc00: 00000003 00000000 00000000 0001 03 16456 /run/systemd/journal/stdout
ffff8df68ca33c00: 00000002 00000000 00000000 0002 03  9482
ffff8df5c8ba6000: 00000003 00000000 00000000 0001 03 17263 /run/user/1000/bus
ffff8df5b5df7800: 00000003 00000000 00000000 0001 03 17486 /run/user/1000/bus
ffff8df5966de800: 00000003 00000000 00000000 0001 03 16452
ffff8df62583b400: 00000003 00000000 00000000 0001 03 37636
ffff8df58123b000: 00000003 00000000 00000000 0001 03 17544
ffff8df68b881000: 00000003 00000000 00000000 0001 03 11428 /run/systemd/journal/stdout
ffff8df5b5df7c00: 00000002 00000000 00000000 0002 01 17657
ffff8df5c40cdc00: 00000003 00000000 00000000 0001 03 17510 /run/user/1000/bus
ffff8df5c414c400: 00000003 00000000 00000000 0001 03 17217
ffff8df5c410c000: 00000002 00000000 00000000 0001 03 17086
ffff8df59e43c800: 00000003 00000000 00000000 0001 03 16418 /run/dbus/system_bus_socket
ffff8df62583b000: 00000003 00000000 00000000 0001 03 37668 /run/user/1000/pipewire-0
ffff8df58123b400: 00000003 00000000 00000000 0001 03 34331 /run/dbus/system_bus_socket
ffff8df5b4a60400: 00000003 00000000 00000000 0001 03 16143 /run/user/1000/bus
ffff8df5966dec00: 00000003 00000000 00000000 0001 03 16433
ffff8df58668f800: 00000003 00000000 00000000 0001 03 22479
ffff8df5c8ba6400: 00000003 00000000 00000000 0001 03 17276
ffff8df68b881400: 00000003 00000000 00000000 0001 03 13443 /run/dbus/system_bus_socket
ffff8df68ca33800: 00000003 00000000 00000000 0001 03  8526 /run/systemd/journal/stdout
ffff8df683ba1000: 00000002 00000000 00010000 0001 01  7959 /run/avahi-daemon/socket
ffff8df681c28400: 00000002 00000000 00010000 0001 01  3738 /run/systemd/io.systemd.sysext
ffff8df58123b800: 00000003 00000000 00000000 0002 03 35224
ffff8df58668f400: 00000002 00000000 00000000 0002 01 22470
ffff8df5c414c800: 00000003 00000000 00000000 0001 03 17890 /run/systemd/journal/stdout
ffff8df5c410cc00: 00000003 00000000 00000000 0001 03 17767 /run/dbus/system_bus_socket
ffff8df59e43c400: 00000003 00000000 00000000 0001 03 15793
ffff8df5c40cd000: 00000003 00000000 00000000 0001 03 17036
ffff8df683ba1800: 00000002 00000000 00010000 0001 01  7960 /run/cups/cups.sock
ffff8df5b4a60800: 00000003 00000000 00000000 0001 03 15964 /run/user/1000/bus
ffff8df68b881800: 00000003 00000000 00000000 0001 03 11427
ffff8df68ca33400: 00000003 00000000 00000000 0001 03  8525
ffff8df683ba2c00: 00000002 00000000 00010000 0001 01  7961 /run/dbus/system_bus_socket
ffff8df62583bc00: 00000003 00000000 00000000 0001 03 37639
ffff8df5c8ba6800: 00000003 00000000 00000000 0001 03 17272
ffff8df5b5df7000: 00000003 00000000 00000000 0001 03 16880
ffff8df5966de000: 00000003 00000000 00000000 0001 03 14334 /run/systemd/journal/stdout
ffff8df683ba2800: 00000002 00000000 00010000 0001 01  7962 /run/snapd.socket
ffff8df683ba2000: 00000003 00000000 00000000 0002 03  4800
ffff8df5c414cc00: 00000003 00000000 00000000 0001 03 17218 /run/snapd-snap.socket
ffff8df5c410c800: 00000003 00000000 00000000 0001 03 17693 /run/systemd/journal/stdout
ffff8df59e43c000: 00000003 00000000 00000000 0001 03 15776
ffff8df683ba3800: 00000002 00000000 00010000 0001 01  7963 /run/snapd-snap.socket
ffff8df5c40cd400: 00000003 00000000 00000000 0001 03 17053
ffff8df5c8ba6c00: 00000003 00000000 00000000 0001 03 17974 @/tmp/.X11-unix/X1
ffff8df5b5df7400: 00000003 00000000 00000000 0001 03 17512 /run/user/1000/bus
ffff8df68ca33000: 00000003 00000000 00000000 0001 03  8551
ffff8df683ba0000: 00000002 00000000 00010000 0001 01  7968 /run/uuidd/request
ffff8df62583b800: 00000003 00000000 00000000 0001 03 37617
ffff8df58668f000: 00000003 00000000 00000000 0001 03 22524
ffff8df5b4a60c00: 00000003 00000000 00000000 0001 03 16633
ffff8df5966de400: 00000003 00000000 00000000 0001 03 16434 /run/dbus/system_bus_socket
ffff8df68b881c00: 00000003 00000000 00000000 0001 03 11468 /run/systemd/journal/stdout
ffff8df683ba2400: 00000003 00000000 00000000 0002 03  4799
ffff8df5c8ba5000: 00000002 00000000 00000000 0002 01 17249
ffff8df5c410f400: 00000003 00000000 00000000 0001 03 17765 /run/user/1000/bus
ffff8df5c40ce800: 00000003 00000000 00000000 0001 03 17497 /run/systemd/journal/stdout
ffff8df59e43fc00: 00000003 00000000 00000000 0001 03 15795
ffff8df682c66000: 00000003 00000000 00000000 0005 03 22529
ffff8df5c414f000: 00000003 00000000 00000000 0001 03 17980
ffff8df681c2a400: 00000002 00000000 00010000 0001 01  6778 /run/systemd/resolve/io.systemd.Resolve
ffff8df625838400: 00000003 00000000 00000000 0001 03 38831 /run/dbus/system_bus_socket
ffff8df581238000: 00000003 00000000 00000000 0001 03 17549 /run/user/1000/bus
ffff8df5b4a63000: 00000003 00000000 00000000 0001 03 16635 /run/dbus/system_bus_socket
ffff8df58668cc00: 00000003 00000000 00000000 0001 03 15589 /run/user/1000/bus
ffff8df68b882000: 00000003 00000000 00000000 0001 03 14395
ffff8df681c28000: 00000002 00000000 00010000 0001 01  6779 /run/systemd/resolve/io.systemd.Resolve.Monitor
ffff8df5b5df4800: 00000003 00000000 00000000 0001 03 17485
ffff8df5966dd800: 00000003 00000000 00000000 0001 03 15381 /run/systemd/journal/stdout
ffff8df68ca30c00: 00000003 00000000 00000000 0001 03  8597 /run/dbus/system_bus_socket
ffff8df5c414f400: 00000003 00000000 00000000 0001 03 17159 /run/user/1000/bus
ffff8df59e43f800: 00000003 00000000 00000000 0001 03 16313
ffff8df5c40cec00: 00000003 00000000 00000000 0001 03 17032
ffff8df58668c800: 00000003 00000000 00000000 0001 03 20287 /run/user/1000/bus
ffff8df5b4a63400: 00000003 00000000 00000000 0001 03 15916 /run/systemd/journal/stdout
ffff8df68b882400: 00000003 00000000 00000000 0001 03 11557
ffff8df5c8ba5400: 00000003 00000000 00000000 0001 03 17260
ffff8df581238400: 00000003 00000000 00000000 0001 03 17538
ffff8df5b5df4c00: 00000002 00000000 00000000 0001 03 16882
ffff8df5966ddc00: 00000003 00000000 00000000 0001 03 15473 /run/systemd/journal/stdout
ffff8df683ba1c00: 00000002 00000000 00000000 0002 03  4795
ffff8df5c414f800: 00000003 00000000 00000000 0001 03 17204
ffff8df5c410fc00: 00000003 00000000 00000000 0001 03 17133
ffff8df5c40ce000: 00000003 00000000 00000000 0001 03 17026
ffff8df59e43f400: 00000003 00000000 00000000 0001 03 15873 /run/systemd/journal/stdout
ffff8df625838c00: 00000003 00000000 00000000 0001 03 37640 /run/user/1000/pipewire-0
ffff8df581238800: 00000003 00000000 00000000 0001 03 34319 /run/systemd/journal/stdout
ffff8df58668c400: 00000003 00000000 00000000 0001 03 18741 /run/user/1000/at-spi/bus
ffff8df5b5df4000: 00000003 00000000 00000000 0001 03 17514 /run/dbus/system_bus_socket
ffff8df5966dd000: 00000003 00000000 00000000 0001 03 15347
ffff8df5c8ba5800: 00000003 00000000 00000000 0001 03 24018
ffff8df5b4a63800: 00000003 00000000 00000000 0001 03 16536
ffff8df5c40ce400: 00000003 00000000 00000000 0001 03 17499 /run/systemd/journal/stdout
ffff8df5c410f800: 00000003 00000000 00000000 0001 03 17101
ffff8df59e43f000: 00000003 00000000 00000000 0001 03 15796 /run/user/1000/bus
ffff8df625838800: 00000003 00000000 00000000 0001 03 37666 /run/user/1000/pulse/native
ffff8df5c414fc00: 00000002 00000000 00000000 0002 01 17221
ffff8df5b4a63c00: 00000003 00000000 00000000 0001 03 16108 /run/systemd/journal/stdout
ffff8df68ca30000: 00000003 00000000 00000000 0001 03  8567
ffff8df682c66800: 00000003 00000000 00000000 0002 03  4274
ffff8df58668c000: 00000003 00000000 00000000 0001 03 22523
ffff8df5c8ba5c00: 00000003 00000000 00000000 0001 03 17250
ffff8df581238c00: 00000003 00000000 00000000 0001 03 17779
ffff8df68b882c00: 00000003 00000000 00000000 0001 03 12502 /run/dbus/system_bus_socket
ffff8df683ba1400: 00000002 00000000 00000000 0002 03  4418
ffff8df581239000: 00000003 00000000 00000000 0002 03 35223
ffff8df5c414e000: 00000003 00000000 00000000 0001 03 17769 /run/user/1000/bus
ffff8df5c40cf800: 00000003 00000000 00000000 0001 03 17498 /run/systemd/journal/stdout
ffff8df5c410e400: 00000003 00000000 00000000 0001 03 17102
ffff8df59e43ec00: 00000003 00000000 00000000 0001 03 16419 /run/systemd/journal/stdout
ffff8df683ba0800: 00000003 00000000 00000000 0001 03  8778 /run/dbus/system_bus_socket
ffff8df5c8ba4000: 00000003 00000000 00000000 0001 03 17252 /run/user/1000/bus
ffff8df5b5df5800: 00000003 00000000 00000000 0001 03 17516 /run/user/1000/bus
ffff8df5b4a62000: 00000003 00000000 00000000 0001 03 15854 /run/systemd/journal/stdout
ffff8df5966dc800: 00000003 00000000 00000000 0001 03 15332
ffff8df682c65400: 00000002 00000000 00010000 0001 01  9122 /run/php/php8.3-fpm.sock
ffff8df68ca31c00: 00000003 00000000 00000000 0001 03  8566
ffff8df625839400: 00000003 00000000 00000000 0001 03 37298
ffff8df58668dc00: 00000003 00000000 00000000 0001 03 15588
ffff8df68b883000: 00000003 00000000 00000000 0001 03 15422 /run/systemd/journal/stdout
ffff8df682c67000: 00000003 00000000 00000000 0001 03 18135 /run/dbus/system_bus_socket
ffff8df5c410e000: 00000003 00000000 00000000 0001 03 17097 /run/user/1000/bus
ffff8df59e43e800: 00000003 00000000 00000000 0001 03 15872
ffff8df5c414e400: 00000003 00000000 00000000 0001 03 17212
ffff8df5c40cfc00: 00000003 00000000 00000000 0001 03 17052
ffff8df59e433000: 00000002 00000000 00000000 0002 01 15223 /run/user/1000/systemd/notify
ffff8df5c8ba4400: 00000003 00000000 00000000 0001 03 35228 /run/systemd/oom/io.systemd.ManagedOOM
ffff8df58123a800: 00000002 00000000 00000000 0002 01 35222 /run/user/0/systemd/notify
ffff8df58668d800: 00000003 00000000 00000000 0001 03 20284 /run/user/1000/snap.firefox/wayland-proxy-2906
ffff8df581239400: 00000003 00000000 00000000 0001 03 17780 /run/systemd/journal/stdout
ffff8df59e431c00: 00000002 00000000 00010000 0001 01 15226 /run/user/1000/systemd/private
ffff8df68ca31800: 00000003 00000000 00000000 0001 03  8560
ffff8df58123a000: 00000002 00000000 00010000 0001 01 35225 /run/user/0/systemd/private
ffff8df5966dcc00: 00000003 00000000 00000000 0001 03 22638 /run/systemd/journal/stdout
ffff8df5b5df5c00: 00000003 00000000 00000000 0001 03 17515
ffff8df5b4a62400: 00000003 00000000 00000000 0001 03 16634
ffff8df59e430800: 00000002 00000000 00010000 0001 01 15236 /run/user/1000/bus
ffff8df683ba0c00: 00000002 00000000 00000000 0002 03  4369
ffff8df5c8ba4c00: 00000002 00000000 00010000 0001 01 35233 /run/user/0/bus
ffff8df581239800: 00000002 00000000 00000000 0002 03 35198
ffff8df5c410ec00: 00000003 00000000 00000000 0001 03 17694 /run/systemd/journal/stdout
ffff8df5c40cf000: 00000003 00000000 00000000 0001 03 17194 /run/user/1000/wayland-0
ffff8df59e43e400: 00000003 00000000 00000000 0001 03 15644
ffff8df5c414e800: 00000003 00000000 00000000 0001 03 17158
ffff8df5c8ba4800: 00000003 00000000 00000000 0001 03 17969 /run/user/1000/at-spi/bus
ffff8df59e433800: 00000002 00000000 00010000 0001 01 15238 /run/user/1000/gnupg/S.dirmngr
ffff8df68ca31400: 00000003 00000000 00000000 0001 03  8550
ffff8df625839c00: 00000003 00000000 00000000 0001 03 37625
ffff8df58668bc00: 00000002 00000000 00010000 0001 01 35235 /run/user/0/gnupg/S.dirmngr
ffff8df5b5df5000: 00000003 00000000 00000000 0001 03 16881
ffff8df5b4a62800: 00000003 00000000 00000000 0001 03 16575
ffff8df5966dc000: 00000003 00000000 00000000 0001 03 15652 /run/user/1000/bus
ffff8df68b883800: 00000003 00000000 00000000 0001 03 12059 /run/systemd/journal/stdout
ffff8df581239c00: 00000002 00000000 00000000 0002 03 35191
ffff8df5c414ec00: 00000003 00000000 00000000 0001 03 17895 /run/user/1000/pipewire-0
ffff8df59e43e000: 00000003 00000000 00000000 0001 03 15800
ffff8df68bdf2400: 00000002 00000000 00010000 0001 01 15240 /run/user/1000/gcr/ssh
ffff8df58668d000: 00000002 00000000 00000000 0002 03 14271
ffff8df586788c00: 00000002 00000000 00010000 0001 01 35237 /run/user/0/gcr/ssh
ffff8df5c410e800: 00000003 00000000 00000000 0001 03 17129
ffff8df5c40cf400: 00000003 00000000 00000000 0001 03 17028
ffff8df625839800: 00000003 00000000 00000000 0001 03 37637 /run/user/1000/pulse/native
ffff8df5966dc400: 00000003 00000000 00000000 0001 03 22645
ffff8df68bdf2c00: 00000002 00000000 00010000 0001 01 15242 /run/user/1000/keyring/control
ffff8df68b883c00: 00000003 00000000 00000000 0001 03 11467
ffff8df682c67800: 00000003 00000000 00000000 0002 03  4275
ffff8df58678bc00: 00000002 00000000 00010000 0001 01 35239 /run/user/0/keyring/control
ffff8df58668d400: 00000003 00000000 00000000 0005 03 22528
ffff8df5b5df5400: 00000003 00000000 00000000 0001 03 17689
ffff8df5b4a62c00: 00000003 00000000 00000000 0001 03 16624
ffff8df680096000: 00000002 00000000 00010000 0001 01 15244 /run/user/1000/gnupg/S.gpg-agent.browser
ffff8df68ca31000: 00000003 00000000 00000000 0001 03  8574 /run/dbus/system_bus_socket
ffff8df586788400: 00000002 00000000 00010000 0001 01 35241 /run/user/0/gnupg/S.gpg-agent.browser
ffff8df5b13cc800: 00000003 00000000 00000000 0005 03 23584
ffff8df5b105f400: 00000003 00000000 00000000 0001 03 18140 /run/dbus/system_bus_socket
ffff8df680095800: 00000002 00000000 00010000 0001 01 15246 /run/user/1000/gnupg/S.gpg-agent.extra
ffff8df68bdf1400: 00000003 00000000 00000000 0001 03  9775 /run/dbus/system_bus_socket
ffff8df68adab400: 00000002 00000000 00010000 0001 01 35243 /run/user/0/gnupg/S.gpg-agent.extra
ffff8df58666a400: 00000003 00000000 00000000 0005 03 22575
ffff8df5c4149000: 00000003 00000000 00000000 0001 03 17122
ffff8df5c4109400: 00000003 00000000 00000000 0001 03 17057
ffff8df59e429c00: 00000003 00000000 00000000 0001 03 15641
ffff8df5966bbc00: 00000003 00000000 00000000 0001 03 15375 /run/systemd/journal/stdout
ffff8df58668ac00: 00000003 00000000 00000000 0001 03 18516 /run/systemd/journal/stdout
ffff8df5b4a75000: 00000003 00000000 00000000 0001 03 16711
ffff8df586689c00: 00000002 00000000 00010000 0001 01 15248 /run/user/1000/gnupg/S.gpg-agent
ffff8df68ada8400: 00000002 00000000 00010000 0001 01 35245 /run/user/0/gnupg/S.gpg-agent
ffff8df5c8ba3000: 00000003 00000000 00000000 0001 03 24052
ffff8df58678b800: 00000003 00000000 00000000 0005 03 23735
ffff8df5b107f000: 00000003 00000000 00000000 0005 03 22534
ffff8df5966cb800: 00000003 00000000 00000000 0001 03 18452
ffff8df5966b6c00: 00000002 00000000 00010000 0001 01 15250 /run/user/1000/gnupg/S.keyboxd
ffff8df68c5e9000: 00000003 00000000 00000000 0001 03  9311
ffff8df5c8ba1000: 00000002 00000000 00010000 0001 01 35247 /run/user/0/gnupg/S.keyboxd
ffff8df5b105f000: 00000003 00000000 00000000 0001 03 26748 /run/user/1000/gvfsd/socket-YaNviYZt
ffff8df58667a000: 00000003 00000000 00000000 0005 03 23675
ffff8df58667a400: 00000003 00000000 00000000 0001 03 23672
ffff8df5b13ccc00: 00000003 00000000 00000000 0005 03 20422
ffff8df5c4149400: 00000003 00000000 00000000 0001 03 17700 /run/user/1000/bus
ffff8df5c4109000: 00000003 00000000 00000000 0001 03 17591 /run/dbus/system_bus_socket
ffff8df5c8ba3400: 00000002 00000000 00010000 0001 01 35249 /run/user/0/pk-debconf-socket
ffff8df58666a000: 00000003 00000000 00000000 0005 03 22589
ffff8df59e429800: 00000003 00000000 00000000 0001 03 15487
ffff8df5966b5800: 00000002 00000000 00010000 0001 01 15252 /run/user/1000/pulse/native
ffff8df68bdf1000: 00000003 00000000 00000000 0001 03  9334
ffff8df5966b5c00: 00000002 00000000 00010000 0001 01 35251 /run/user/0/snapd-session-agent.socket
ffff8df58668a800: 00000003 00000000 00000000 0001 03 18364 /run/user/1000/pulse/native
ffff8df5966cb000: 00000002 00000000 00010000 0001 01 15254 /run/user/1000/pipewire-0
ffff8df5b107f400: 00000003 00000000 00000000 0005 03 22535
ffff8df5966cbc00: 00000002 00000000 00010000 0001 01 15256 /run/user/1000/pipewire-0-manager
ffff8df68c5e9400: 00000003 00000000 00000000 0001 03  9234
ffff8df5b13a3400: 00000002 00000000 00010000 0001 01 35253 /run/user/0/speech-dispatcher/speechd.sock
ffff8df5b105fc00: 00000003 00000000 00000000 0001 03 26060 /run/user/1000/wayland-0
ffff8df58667ac00: 00000003 00000000 00000000 0005 03 23716
ffff8df5b13cc000: 00000003 00000000 00000000 0005 03 20281
ffff8df5966bb400: 00000003 00000000 00000000 0001 03 18483
ffff8df5c4149800: 00000003 00000000 00000000 0001 03 17110 /home/mark/.cache/ibus/dbus-uaXATr91
ffff8df586789800: 00000002 00000000 00010000 0001 01 15258 /run/user/1000/pk-debconf-socket
ffff8df68bdf1c00: 00000003 00000000 00000000 0001 03  8595 /run/dbus/system_bus_socket
ffff8df68bd6c800: 00000002 00000000 00010000 0001 01 35269 /run/user/0/gnupg/S.gpg-agent.ssh
ffff8df58666ac00: 00000003 00000000 00000000 0005 03 22574
ffff8df5c4109c00: 00000003 00000000 00000000 0001 03 17080
ffff8df59e429400: 00000003 00000000 00000000 0001 03 15474
ffff8df586789000: 00000002 00000000 00010000 0001 01 15260 /run/user/1000/snapd-session-agent.socket
ffff8df58666a800: 00000003 00000000 00000000 0001 03 14227
ffff8df58678b400: 00000003 00000000 00000000 0001 03 17401 @/tmp/.X11-unix/X1
ffff8df58678b000: 00000003 00000000 00000000 0005 03 23780
ffff8df5b107fc00: 00000003 00000000 00000000 0001 03 23585
ffff8df58668a400: 00000003 00000000 00000000 0001 03 18355
ffff8df5c8ba3800: 00000003 00000000 00000000 0001 03 17280
ffff8df5b4a75800: 00000003 00000000 00000000 0001 03 16245 /run/user/1000/bus
ffff8df58678ac00: 00000002 00000000 00010000 0001 01 15262 /run/user/1000/speech-dispatcher/speechd.sock
ffff8df58667a800: 00000003 00000000 00000000 0005 03 23674
ffff8df5b13cc400: 00000003 00000000 00000000 0005 03 20421
ffff8df5966bb000: 00000003 00000000 00000000 0001 03 18504
ffff8df5c4149c00: 00000003 00000000 00000000 0001 03 17761 /run/systemd/journal/stdout
ffff8df59e429000: 00000003 00000000 00000000 0001 03 15488 /run/user/1000/bus
ffff8df5966bb800: 00000002 00000000 00010000 0001 01 14303 /run/user/1000/gnupg/S.gpg-agent.ssh
ffff8df5b105f800: 00000003 00000000 00000000 0001 03 17307
ffff8df5c4109800: 00000003 00000000 00000000 0001 03 17068
ffff8df5966cb400: 00000003 00000000 00000000 0001 03 17360 /run/user/1000/bus
ffff8df68b883400: 00000002 00000000 00010000 0001 01 11592 /run/gdm3/dbus/dbus-VbX4MEHS
ffff8df68bdf1800: 00000002 00000000 00000000 0002 01  9333
ffff8df68c5e9c00: 00000003 00000000 00000000 0001 03  8573 /run/dbus/system_bus_socket
ffff8df5c8ba3c00: 00000003 00000000 00000000 0001 03 24053
ffff8df5b107f800: 00000003 00000000 00000000 0001 03 22573
ffff8df58668a000: 00000003 00000000 00000000 0001 03 18365
ffff8df5b4a75c00: 00000003 00000000 00000000 0001 03 16236 /run/user/1000/bus
ffff8df68b882800: 00000002 00000000 00010000 0001 01 11593 /run/gdm3/dbus/dbus-ikuoq0l6
ffff8df59e428c00: 00000003 00000000 00000000 0001 03 15450 /run/systemd/journal/stdout
ffff8df58667b000: 00000003 00000000 00000000 0001 03 13679
ffff8df58666b000: 00000003 00000000 00000000 0001 03 22635
ffff8df5b13cdc00: 00000003 00000000 00000000 0001 03 20286 /run/user/1000/wayland-0
ffff8df5c4148000: 00000003 00000000 00000000 0001 03 17124
ffff8df5c4108400: 00000003 00000000 00000000 0001 03 17054
ffff8df68bdf0400: 00000003 00000000 00000000 0001 03  8895
ffff8df5b105e400: 00000002 00000000 00000000 0002 03 35351
ffff8df5c8ba2000: 00000003 00000000 00000000 0001 03 18239 /run/systemd/journal/stdout
ffff8df5b4a74000: 00000003 00000000 00000000 0001 03 16710
ffff8df5966ca800: 00000003 00000000 00000000 0001 03 17361
ffff8df5966bac00: 00000002 00000000 00000000 0002 01 15590
ffff8df5b107e400: 00000003 00000000 00000000 0001 03 12913
ffff8df68c5e8000: 00000003 00000000 00000000 0001 03  9313
ffff8df58667b400: 00000003 00000000 00000000 0001 03 24001
ffff8df5c4148400: 00000003 00000000 00000000 0001 03 17762 /run/systemd/journal/stdout
ffff8df5c4108000: 00000003 00000000 00000000 0001 03 17207 /run/user/1000/wayland-0
ffff8df59e428800: 00000003 00000000 00000000 0001 03 15349 /run/dbus/system_bus_socket
ffff8df58666b400: 00000003 00000000 00000000 0001 03 15061 /run/gdm3/dbus/dbus-VbX4MEHS
ffff8df68bdf0000: 00000003 00000000 00000000 0001 03  9617 /run/systemd/journal/stdout
ffff8df5966ba800: 00000003 00000000 00000000 0001 03 18484 /run/dbus/system_bus_socket
ffff8df5b105e000: 00000003 00000000 00000000 0001 03 12228
ffff8df58668b800: 00000003 00000000 00000000 0001 03 18360 /run/user/1000/at-spi/bus
ffff8df5966cac00: 00000003 00000000 00000000 0001 03 17368 /home/mark/.cache/ibus/dbus-uaXATr91
ffff8df5c410f000: 00000002 00000000 00010000 0001 01 17090 /home/mark/.cache/ibus/dbus-uaXATr91
ffff8df5b107e000: 00000003 00000000 00000000 0001 03 22532
ffff8df58678a800: 00000003 00000000 00000000 0001 03 17406
ffff8df5c8ba2400: 00000003 00000000 00000000 0001 03 17283
ffff8df68c5e8400: 00000003 00000000 00000000 0001 03  8176
ffff8df58667b800: 00000003 00000000 00000000 0001 03 24002
ffff8df5c4108c00: 00000003 00000000 00000000 0001 03 17551 /run/user/1000/bus
ffff8df59e436400: 00000002 00000000 00010000 0001 01 15535 /run/user/1000/keyring/pkcs11
ffff8df5966ba400: 00000003 00000000 00000000 0001 03 15374
ffff8df68bdf0c00: 00000003 00000000 00000000 0001 03  9378 /run/systemd/journal/stdout
ffff8df5b105ec00: 00000003 00000000 00000000 0001 03 35359
ffff8df58666b800: 00000003 00000000 00000000 0001 03 22727
ffff8df5b13cd400: 00000003 00000000 00000000 0001 03 22382 /run/systemd/journal/stdout
ffff8df5c4148800: 00000003 00000000 00000000 0001 03 17108
ffff8df59e428400: 00000003 00000000 00000000 0001 03 15441
ffff8df5966ca000: 00000003 00000000 00000000 0001 03 18217 @/tmp/.X11-unix/X1
ffff8df58678a400: 00000003 00000000 00000000 0001 03 15398 /run/systemd/journal/stdout
ffff8df5b107ec00: 00000003 00000000 00000000 0001 03 11948 /run/systemd/journal/stdout
ffff8df68c5e8800: 00000003 00000000 00000000 0001 03  8459 /run/systemd/journal/stdout
ffff8df5c8ba2800: 00000003 00000000 00000000 0001 03 26078
ffff8df58668b400: 00000003 00000000 00000000 0001 03 18363
ffff8df5b4a74800: 00000003 00000000 00000000 0001 03 16238 /run/user/1000/at-spi/bus
ffff8df58667bc00: 00000003 00000000 00000000 0001 03 23730
ffff8df5b13cd000: 00000003 00000000 00000000 0001 03 20285
ffff8df5c4108800: 00000003 00000000 00000000 0001 03 17562 /run/user/1000/bus
ffff8df59e428000: 00000003 00000000 00000000 0001 03 15337 /run/dbus/system_bus_socket
ffff8df5966ba000: 00000003 00000000 00000000 0001 03 35374 /run/systemd/journal/stdout
ffff8df58666bc00: 00000003 00000000 00000000 0001 03 22728
ffff8df5b105e800: 00000003 00000000 00000000 0001 03 17310
ffff8df5c4148c00: 00000003 00000000 00000000 0001 03 17103
ffff8df68bdf0800: 00000003 00000000 00000000 0001 03  8867
ffff8df5b107e800: 00000003 00000000 00000000 0001 03 26066 /run/dbus/system_bus_socket
ffff8df58668b000: 00000003 00000000 00000000 0001 03 18517 /run/user/1000/wayland-0
ffff8df5c8ba2c00: 00000003 00000000 00000000 0001 03 17992 /run/user/1000/gvfsd/socket-WYNlbZPV
ffff8df68c5e8c00: 00000003 00000000 00000000 0001 03  8368 /run/systemd/journal/stdout
ffff8df58678a000: 00000003 00000000 00000000 0001 03 23782
ffff8df5966ca400: 00000003 00000000 00000000 0001 03 18254
ffff8df5c410b400: 00000003 00000000 00000000 0001 03 17555 /run/user/1000/bus
ffff8df586678000: 00000003 00000000 00000000 0001 03 13636
ffff8df5b105d400: 00000003 00000000 00000000 0001 03 12229 /run/dbus/system_bus_socket
ffff8df68bdf3400: 00000003 00000000 00000000 0001 03  8554 /run/systemd/journal/stdout
ffff8df5966b9c00: 00000003 00000000 00000000 0001 03 18510 /run/user/1000/bus
ffff8df5c414b000: 00000003 00000000 00000000 0001 03 17104
ffff8df59e42bc00: 00000003 00000000 00000000 0001 03 15449
ffff8df586668000: 00000003 00000000 00000000 0001 03 13407
ffff8df586688c00: 00000003 00000000 00000000 0001 03 18519 /run/user/1000/bus
ffff8df5966c9800: 00000003 00000000 00000000 0001 03 18451 /run/dbus/system_bus_socket
ffff8df5b107d400: 00000003 00000000 00000000 0001 03 22533
ffff8df586789c00: 00000003 00000000 00000000 0001 03 17407
ffff8df68c5eb000: 00000003 00000000 00000000 0001 03  9393
ffff8df5b13cec00: 00000003 00000000 00000000 0005 03 20279
ffff8df5966b9800: 00000003 00000000 00000000 0001 03 18488
ffff8df5c410b000: 00000003 00000000 00000000 0001 03 17910 /run/user/1000/wayland-0
ffff8df59e42b800: 00000003 00000000 00000000 0001 03 15479 /run/user/1000/bus
ffff8df5b13ce800: 00000003 00000000 00000000 0001 03 12126
ffff8df68bdf3000: 00000003 00000000 00000000 0001 03 25615
ffff8df586668400: 00000003 00000000 00000000 0001 03 22582
ffff8df5c414b400: 00000003 00000000 00000000 0001 03 17107
ffff8df586678400: 00000003 00000000 00000000 0001 03 13637 /run/systemd/journal/stdout
ffff8df5b105d000: 00000003 00000000 00000000 0001 03 12232
ffff8df5966c9c00: 00000003 00000000 00000000 0001 03 18220 /run/user/1000/at-spi/bus
ffff8df68c5eb400: 00000003 00000000 00000000 0001 03  8458 /run/systemd/journal/stdout
ffff8df5b107d000: 00000003 00000000 00000000 0001 03 23586
ffff8df586688800: 00000003 00000000 00000000 0001 03 18359
ffff8df5c8ba1400: 00000003 00000000 00000000 0001 03 17391
ffff8df5b4a77400: 00000003 00000000 00000000 0001 03 16695 /run/user/1000/bus
ffff8df5966b9400: 00000003 00000000 00000000 0001 03 34447
ffff8df586678800: 00000003 00000000 00000000 0001 03 23673
ffff8df586668800: 00000003 00000000 00000000 0001 03 22636 /run/systemd/journal/stdout
ffff8df5c414b800: 00000003 00000000 00000000 0001 03 17722 /run/dbus/system_bus_socket
ffff8df5c410bc00: 00000003 00000000 00000000 0001 03 17055
ffff8df5b105dc00: 00000002 00000000 00000000 0001 03 12222
ffff8df68bdf3c00: 00000003 00000000 00000000 0001 03  9377
ffff8df5b4a77800: 00000003 00000000 00000000 0001 03 16694
ffff8df586688400: 00000003 00000000 00000000 0001 03 18358
ffff8df5966c9000: 00000003 00000000 00000000 0001 03 17367
ffff8df5966dd400: 00000002 00000000 00010000 0001 01 16004 /run/user/1000/keyring/ssh
ffff8df68c5eb800: 00000003 00000000 00000000 0001 03  9265
ffff8df586678c00: 00000003 00000000 00000000 0001 03 23731
ffff8df5b13ce400: 00000003 00000000 00000000 0005 03 20280
ffff8df5c414bc00: 00000003 00000000 00000000 0001 03 17698 /run/user/1000/bus
ffff8df5b105d800: 00000003 00000000 00000000 0001 03 12233 /run/dbus/system_bus_socket
ffff8df5b13ce000: 00000003 00000000 00000000 0001 03 35364 /run/user/0/bus
ffff8df586668c00: 00000003 00000000 00000000 0001 03 22581
ffff8df5966b9000: 00000003 00000000 00000000 0001 03 18309 /run/user/1000/pipewire-0
ffff8df5c410b800: 00000003 00000000 00000000 0001 03 17059
ffff8df5c8ba1c00: 00000003 00000000 00000000 0001 03 18131 /run/systemd/journal/stdout
ffff8df59e42b000: 00000002 00000000 00000000 0002 03 15465
ffff8df68bdf3800: 00000002 00000000 00000000 0002 03  8788
ffff8df68c5ebc00: 00000003 00000000 00000000 0001 03  9394 /run/systemd/journal/stdout
ffff8df5c8ba1800: 00000003 00000000 00000000 0005 03 24193
ffff8df586789400: 00000003 00000000 00000000 0005 03 23779
ffff8df5b107d800: 00000003 00000000 00000000 0001 03 22572
ffff8df586688000: 00000003 00000000 00000000 0001 03 18340
ffff8df5966c9400: 00000003 00000000 00000000 0001 03 17359
ffff8df68bf10800: 00000002 00000000 00000000 0002 03 46256
ffff8df5b13cf800: 00000003 00000000 00000000 0005 03 23583
ffff8df5b13cfc00: 00000003 00000000 00000000 0001 03 20225
ffff8df59e42ac00: 00000003 00000000 00000000 0001 03 15486 /run/user/1000/bus
ffff8df5966b8c00: 00000003 00000000 00000000 0001 03 15397
ffff8df586669400: 00000003 00000000 00000000 0005 03 22590
ffff8df5c414a000: 00000003 00000000 00000000 0001 03 17106
ffff8df5c410a400: 00000003 00000000 00000000 0001 03 17060
ffff8df5b105c400: 00000002 00000000 00000000 0002 01 26051
ffff8df68c5ea000: 00000003 00000000 00000000 0001 03  8396 /run/systemd/journal/stdout
ffff8df586788800: 00000003 00000000 00000000 0005 03 23734
ffff8df5966c8800: 00000003 00000000 00000000 0001 03 17358
ffff8df5c8ba0000: 00000003 00000000 00000000 0001 03 17297
ffff8df5b4a76000: 00000003 00000000 00000000 0001 03 16217 /run/user/1000/at-spi/bus
ffff8df5c414a400: 00000003 00000000 00000000 0001 03 17953 /run/user/1000/wayland-0
ffff8df5c410a000: 00000003 00000000 00000000 0001 03 17552 /run/user/1000/bus
ffff8df68bdf2000: 00000003 00000000 00000000 0001 03  8529 /run/systemd/journal/stdout
ffff8df68c5ea400: 00000002 00000000 00000000 0002 03  9283
ffff8df586669000: 00000003 00000000 00000000 0005 03 22588
ffff8df5966b8800: 00000003 00000000 00000000 0001 03 15576 /run/user/1000/pipewire-0
ffff8df59e42a800: 00000003 00000000 00000000 0001 03 15481
ffff8df586679400: 00000003 00000000 00000000 0001 03 13680 /run/dbus/system_bus_socket
ffff8df5b4a76400: 00000003 00000000 00000000 0001 03 26050
ffff8df586689800: 00000003 00000000 00000000 0001 03 18506 /run/user/1000/bus
ffff8df5966c8c00: 00000003 00000000 00000000 0001 03 18241 /run/user/1000/bus
ffff8df5c8ba0400: 00000003 00000000 00000000 0001 03 18130 /run/systemd/journal/stdout
ffff8df5a3fda800: 00000002 00000000 00010000 0001 01 16132 /run/user/1000/at-spi/bus
ffff8df5b13cf000: 00000003 00000000 00000000 0005 03 20282
ffff8df5c414a800: 00000003 00000000 00000000 0001 03 17708 /run/user/1000/bus
ffff8df5c410ac00: 00000003 00000000 00000000 0001 03 17563 /run/user/1000/bus
ffff8df5b105cc00: 00000003 00000000 00000000 0001 03 26059
ffff8df5966b8400: 00000003 00000000 00000000 0001 03 18505 /run/user/1000/wayland-0
ffff8df59e42a400: 00000003 00000000 00000000 0001 03 15485
ffff8df5b13cf400: 00000003 00000000 00000000 0001 03 12127 /run/dbus/system_bus_socket
ffff8df586689400: 00000003 00000000 00000000 0001 03 18524 /run/user/1000/pipewire-0
ffff8df5c8ba0800: 00000003 00000000 00000000 0001 03 17281 /home/mark/.cache/ibus/dbus-uaXATr91
ffff8df5b4a76800: 00000003 00000000 00000000 0001 03 16696
ffff8df5b107cc00: 00000003 00000000 00000000 0001 03 26065
ffff8df5966c8000: 00000003 00000000 00000000 0001 03 17362
ffff8df68c5ea800: 00000003 00000000 00000000 0001 03  9264
ffff8df586679800: 00000003 00000000 00000000 0005 03 23717
ffff8df5966b8000: 00000003 00000000 00000000 0001 03 18509
ffff8df5b105c800: 00000003 00000000 00000000 0001 03 17308 /run/user/1000/bus
ffff8df5b4a74400: 00000002 00000000 00010000 0001 01 16701 /run/user/1000/wayland-0
ffff8df586669c00: 00000003 00000000 00000000 0001 03 14375 /run/systemd/journal/stdout
ffff8df586679c00: 00000003 00000000 00000000 0001 03 35375 /run/user/0/bus
ffff8df586669800: 00000003 00000000 00000000 0005 03 22587
ffff8df5c414ac00: 00000003 00000000 00000000 0001 03 17109
ffff8df5c410a800: 00000003 00000000 00000000 0001 03 17058
ffff8df59e42a000: 00000003 00000000 00000000 0001 03 15475
ffff8df68bdf2800: 00000003 00000000 00000000 0001 03  9319
ffff8df5b107c800: 00000003 00000000 00000000 0001 03 26079 /run/user/1000/gvfsd/socket-JrpAkWsZ
ffff8df5966c8400: 00000003 00000000 00000000 0001 03 17363 /run/user/1000/bus
ffff8df5b4a76c00: 00000003 00000000 00000000 0001 03 16712
ffff8df586689000: 00000003 00000000 00000000 0001 03 18353
ffff8df586788000: 00000003 00000000 00000000 0001 03 17400
ffff8df5c8ba0c00: 00000003 00000000 00000000 0001 03 17296
ffff8df5c4155000: 00000003 00000000 00000000 0001 03 17732
ffff8df5a3fedc00: 00000003 00000000 00000000 0001 03 17537
ffff8df5b4a59000: 00000003 00000000 00000000 0001 03 16986
ffff8df68bd6dc00: 00000003 00000000 00000000 0001 03  9092
ffff8df5b13c0c00: 00000003 00000000 00000000 0001 03 35372 /run/user/0/bus
ffff8df5966b7c00: 00000003 00000000 00000000 0001 03 18454 /run/dbus/system_bus_socket
ffff8df59e435c00: 00000003 00000000 00000000 0001 03 15571 /run/user/1000/bus
ffff8df59e415c00: 00000003 00000000 00000000 0001 03 18278 /run/systemd/journal/stdout
ffff8df5b13a0800: 00000003 00000000 00000000 0001 03 18205 /run/systemd/journal/stdout
ffff8df5c4175000: 00000003 00000000 00000000 0001 03 17247 /run/user/1000/gvfsd/socket-uhf6eATj
ffff8df5c4165000: 00000003 00000000 00000000 0001 03 17786
ffff8df5b4a79000: 00000003 00000000 00000000 0001 03 16282 /run/systemd/journal/stdout
ffff8df5a3fcdc00: 00000003 00000000 00000000 0001 03 15939 /run/user/1000/bus
ffff8df5a3fed800: 00000003 00000000 00000000 0001 03 17126
ffff8df59e435800: 00000003 00000000 00000000 0001 03 15565
ffff8df68bd6d800: 00000003 00000000 00000000 0001 03 34556 /run/dbus/system_bus_socket
ffff8df5966b7800: 00000003 00000000 00000000 0001 03 18297 /run/user/1000/bus
ffff8df5c4155400: 00000003 00000000 00000000 0001 03 17705 /run/systemd/journal/stdout
ffff8df5b4a59400: 00000003 00000000 00000000 0001 03 17496 /run/systemd/journal/stdout
ffff8df5a3fcd800: 00000002 00000000 00000000 0002 01 16000
ffff8df5b4a79400: 00000003 00000000 00000000 0001 03 34430
ffff8df59e415800: 00000003 00000000 00000000 0001 03 18480
ffff8df5c4175400: 00000003 00000000 00000000 0001 03 17972
ffff8df5c4165400: 00000003 00000000 00000000 0001 03 17826 /run/user/1000/bus
ffff8df5b13c0800: 00000002 00000000 00000000 0002 01 28723
ffff8df5b13c0400: 00000003 00000000 00000000 0001 03 23329
ffff8df5966b7400: 00000003 00000000 00000000 0001 03 18296
ffff8df68bd6d400: 00000003 00000000 00000000 0001 03 26758 /run/user/1000/at-spi/bus
ffff8df5c4155800: 00000003 00000000 00000000 0001 03 17726 /run/user/1000/bus
ffff8df5b4a59800: 00000003 00000000 00000000 0001 03 17487 /run/systemd/journal/stdout
ffff8df5a3fed400: 00000003 00000000 00000000 0001 03 16748 @/tmp/.ICE-unix/2032
ffff8df59e435400: 00000003 00000000 00000000 0001 03 15359 /run/dbus/system_bus_socket
ffff8df5c4175800: 00000003 00000000 00000000 0001 03 17945
ffff8df5c4165800: 00000003 00000000 00000000 0001 03 17906 /run/user/1000/bus
ffff8df5b4a79800: 00000003 00000000 00000000 0001 03 16728
ffff8df5a3fcd400: 00000003 00000000 00000000 0001 03 15977
ffff8df59e415400: 00000003 00000000 00000000 0001 03 26751 /run/user/1000/gvfsd/socket-i7cOsiMp
ffff8df5966b7000: 00000003 00000000 00000000 0001 03 18273
ffff8df59e435000: 00000003 00000000 00000000 0001 03 15567
ffff8df68bd6d000: 00000003 00000000 00000000 0001 03 26735 /run/user/1000/bus
ffff8df5b13c0000: 00000003 00000000 00000000 0001 03 25972 /run/systemd/journal/stdout
ffff8df5a3fed000: 00000003 00000000 00000000 0001 03 17763 /run/user/1000/bus
ffff8df5c4155c00: 00000003 00000000 00000000 0001 03 17733 /run/user/1000/bus
ffff8df5b4a59c00: 00000003 00000000 00000000 0001 03 17488 /run/systemd/journal/stdout
ffff8df5b13a0400: 00000003 00000000 00000000 0001 03 18240
ffff8df5c4175c00: 00000003 00000000 00000000 0001 03 17954
ffff8df5c4165c00: 00000003 00000000 00000000 0001 03 17787 /run/user/1000/bus
ffff8df5b4a79c00: 00000003 00000000 00000000 0001 03 16729
ffff8df5a3fcd000: 00000003 00000000 00000000 0001 03 18341 /run/user/1000/at-spi/bus
ffff8df59e415000: 00000003 00000000 00000000 0001 03 15060 /run/systemd/journal/stdout
ffff8df5c4154000: 00000003 00000000 00000000 0001 03 17739
ffff8df5b4a58000: 00000003 00000000 00000000 0001 03 16988
ffff8df59e434c00: 00000003 00000000 00000000 0001 03 15572
ffff8df68bd6cc00: 00000003 00000000 00000000 0001 03  9600
ffff8df5a3fecc00: 00000003 00000000 00000000 0001 03 16314 /run/systemd/journal/stdout
ffff8df59e414c00: 00000003 00000000 00000000 0001 03 18476
ffff8df5b13a1800: 00000003 00000000 00000000 0001 03 18236
ffff8df5b13c1c00: 00000002 00000000 00000000 0002 03 34261
ffff8df5c4174000: 00000003 00000000 00000000 0001 03 17254 /run/user/1000/bus
ffff8df5c4164000: 00000003 00000000 00000000 0001 03 17797
ffff8df5b4a78000: 00000003 00000000 00000000 0001 03 16283 /run/systemd/journal/stdout
ffff8df5a3fccc00: 00000003 00000000 00000000 0001 03 15929 /run/systemd/journal/stdout
ffff8df59e434800: 00000003 00000000 00000000 0001 03 15539
ffff8df5966b6800: 00000003 00000000 00000000 0001 03 18292 /run/systemd/journal/stdout
ffff8df5c4154400: 00000003 00000000 00000000 0001 03 17740 /run/user/1000/bus
ffff8df5b4a58400: 00000003 00000000 00000000 0001 03 17493 /run/user/1000/bus
ffff8df5a3fec800: 00000003 00000000 00000000 0001 03 16335 /run/user/1000/bus
ffff8df5c4174400: 00000003 00000000 00000000 0001 03 17956
ffff8df5c4164400: 00000003 00000000 00000000 0001 03 17798 /run/systemd/journal/stdout
ffff8df5b4a78400: 00000003 00000000 00000000 0001 03 16730
ffff8df5a3fcc800: 00000003 00000000 00000000 0001 03 15993
ffff8df5b13a1c00: 00000003 00000000 00000000 0001 03 17354 /run/user/1000/bus
ffff8df59e414800: 00000002 00000000 00000000 0001 03 14121 /run/gdm3/dbus/dbus-ikuoq0l6
ffff8df5b13c1800: 00000003 00000000 00000000 0002 03 11933
ffff8df5966b6400: 00000003 00000000 00000000 0001 03 24196
ffff8df5b4a58800: 00000003 00000000 00000000 0001 03 16969
ffff8df5b13c1400: 00000003 00000000 00000000 0001 03 18187 /run/user/1000/at-spi/bus
ffff8df5c4154800: 00000003 00000000 00000000 0001 03 17724 /run/user/1000/bus
ffff8df5a3fec400: 00000003 00000000 00000000 0001 03 17539 /run/user/1000/bus
ffff8df59e434400: 00000003 00000000 00000000 0001 03 15569 /run/user/1000/pipewire-0
ffff8df5b13a1000: 00000003 00000000 00000000 0001 03 18216
ffff8df5a3fcc400: 00000003 00000000 00000000 0001 03 15928
ffff8df5b4a78800: 00000003 00000000 00000000 0001 03 35286 /run/systemd/journal/stdout
ffff8df59e414400: 00000003 00000000 00000000 0001 03 18294 /run/user/1000/bus
ffff8df5c4174800: 00000003 00000000 00000000 0001 03 17908 /run/user/1000/at-spi/bus
ffff8df5c4164800: 00000003 00000000 00000000 0001 03 17894
ffff8df68bd6c400: 00000002 00000000 00000000 0002 01  9590
ffff8df68bd6c000: 00000003 00000000 00000000 0001 03 26757
ffff8df5c4154c00: 00000003 00000000 00000000 0001 03 17743
ffff8df5b4a58c00: 00000003 00000000 00000000 0001 03 16989
ffff8df59e434000: 00000003 00000000 00000000 0001 03 15568
ffff8df5966b6000: 00000003 00000000 00000000 0001 03 18440 /run/user/1000/bus
ffff8df5a3fec000: 00000003 00000000 00000000 0001 03 17462 /run/systemd/journal/stdout
ffff8df59e414000: 00000003 00000000 00000000 0001 03 18471
ffff8df5a3fcc000: 00000003 00000000 00000000 0001 03 15938
ffff8df5c4174c00: 00000003 00000000 00000000 0001 03 17256 /run/user/1000/bus
ffff8df5c4164c00: 00000003 00000000 00000000 0001 03 17804
ffff8df5b4a78c00: 00000003 00000000 00000000 0001 03 16731 /run/user/1000/bus
ffff8df5b13c1000: 00000003 00000000 00000000 0002 03 11934
ffff8df682c67400: 00000003 00000000 00000000 0002 03  4273 /run/systemd/notify
ffff8df5c4157000: 00000003 00000000 00000000 0001 03 17704
ffff8df5b4a5b000: 00000003 00000000 00000000 0001 03 17007
ffff8df5a3fefc00: 00000003 00000000 00000000 0001 03 16321
ffff8df59e437c00: 00000003 00000000 00000000 0001 03 15509
ffff8df682c64800: 00000002 00000000 00010000 0001 01  4276 /run/systemd/private
ffff8df5b13c2c00: 00000003 00000000 00000000 0001 03 23330 /run/dbus/system_bus_socket
ffff8df68bd6fc00: 00000003 00000000 00000000 0001 03  8848 /run/dbus/system_bus_socket
ffff8df5a3fcfc00: 00000003 00000000 00000000 0001 03 18518
ffff8df682c66400: 00000002 00000000 00010000 0001 01  4278 /run/systemd/userdb/io.systemd.DynamicUser
ffff8df5c4177000: 00000003 00000000 00000000 0001 03 17971 /run/user/1000/at-spi/bus
ffff8df5c4167000: 00000003 00000000 00000000 0001 03 17825
ffff8df5b4a7b000: 00000003 00000000 00000000 0001 03 16306 /run/user/1000/bus
ffff8df59e417c00: 00000003 00000000 00000000 0001 03 15059 /run/systemd/journal/stdout
ffff8df682c66c00: 00000002 00000000 00010000 0001 01  4279 /run/systemd/io.systemd.ManagedOOM
ffff8df5b13c2800: 00000003 00000000 00000000 0001 03 17337
ffff8df5c4157400: 00000003 00000000 00000000 0001 03 17716
ffff8df5b4a5b400: 00000003 00000000 00000000 0001 03 16966
ffff8df5a3fef800: 00000003 00000000 00000000 0001 03 16334
ffff8df68bd6f800: 00000003 00000000 00000000 0001 03  9120
ffff8df59e437800: 00000003 00000000 00000000 0001 03 16385 /run/dbus/system_bus_socket
ffff8df5b4a7b400: 00000003 00000000 00000000 0001 03 34398
ffff8df5c4177400: 00000003 00000000 00000000 0001 03 24019
ffff8df5c4167400: 00000003 00000000 00000000 0001 03 17904 /run/user/1000/pipewire-0
ffff8df5b13a2c00: 00000003 00000000 00000000 0001 03 18237 /run/systemd/journal/stdout
ffff8df5a3fcf800: 00000003 00000000 00000000 0001 03 15994 /run/user/1000/bus
ffff8df682c65c00: 00000002 00000000 00000000 0002 01  4293 /run/systemd/journal/syslog
ffff8df5b13c2400: 00000003 00000000 00000000 0001 03 23312
ffff8df5966b5400: 00000003 00000000 00000000 0001 03 18291
ffff8df59e437400: 00000003 00000000 00000000 0001 03 15527
ffff8df682c64000: 00000002 00000000 00010000 0001 01  4294 /run/systemd/fsck.progress
ffff8df5c4157800: 00000003 00000000 00000000 0001 03 17717 /run/dbus/system_bus_socket
ffff8df5b4a5b800: 00000003 00000000 00000000 0001 03 17470 /run/systemd/journal/stdout
ffff8df5a3fef400: 00000003 00000000 00000000 0001 03 16332 /run/systemd/journal/stdout
ffff8df68bd6f400: 00000003 00000000 00000000 0001 03  9093 /run/dbus/system_bus_socket
ffff8df59e417400: 00000003 00000000 00000000 0001 03 18477
ffff8df5b4a7b800: 00000003 00000000 00000000 0001 03 18450
ffff8df5c4177800: 00000003 00000000 00000000 0001 03 17907
ffff8df5a3fcf400: 00000003 00000000 00000000 0001 03 15991
ffff8df682c64400: 00000014 00000000 00000000 0002 03  4296 /run/systemd/journal/dev-log
ffff8df5c4167800: 00000003 00000000 00000000 0001 03 17903
ffff8df682c65000: 00000009 00000000 00000000 0002 03  4298 /run/systemd/journal/socket
ffff8df5966b5000: 00000003 00000000 00000000 0001 03 18311
ffff8df5b13c2000: 00000003 00000000 00000000 0001 03 17333
ffff8df5a3fef000: 00000003 00000000 00000000 0001 03 16316
ffff8df68bd6f000: 00000003 00000000 00000000 0001 03  9934
ffff8df682c65800: 00000002 00000000 00010000 0001 01  4300 /run/systemd/journal/stdout
ffff8df5c4157c00: 00000003 00000000 00000000 0001 03 17744 /run/dbus/system_bus_socket
ffff8df5b4a5bc00: 00000003 00000000 00000000 0001 03 17492 /run/systemd/journal/stdout
ffff8df5a3fcf000: 00000002 00000000 00000000 0002 03 15999
ffff8df59e437000: 00000003 00000000 00000000 0001 03 15510 /run/user/1000/bus
ffff8df5b13a2400: 00000003 00000000 00000000 0001 03 18204
ffff8df5c4177c00: 00000003 00000000 00000000 0001 03 17970
ffff8df5c4167c00: 00000003 00000000 00000000 0001 03 17161 /home/mark/.cache/ibus/dbus-uaXATr91
ffff8df5b4a7bc00: 00000003 00000000 00000000 0001 03 16739
ffff8df59e417000: 00000003 00000000 00000000 0001 03 14225
ffff8df682c67c00: 00000002 00000000 00010000 0001 01  4302 /run/systemd/oom/io.systemd.ManagedOOM
ffff8df682c64c00: 00000002 00000000 00010000 0005 01  4304 /run/udev/control
ffff8df68bd6ec00: 00000003 00000000 00000000 0001 03 37665
ffff8df5c4156000: 00000003 00000000 00000000 0001 03 17706
ffff8df5b4a5a000: 00000003 00000000 00000000 0001 03 16956
ffff8df5966b4c00: 00000003 00000000 00000000 0001 03 18473 /run/dbus/system_bus_socket
ffff8df5b13c3c00: 00000003 00000000 00000000 0001 03 17336 /run/user/1000/bus
ffff8df5a3feec00: 00000003 00000000 00000000 0001 03 17192 /run/user/1000/wayland-0
ffff8df59e436c00: 00000003 00000000 00000000 0001 03 15566 /run/user/1000/pipewire-0
ffff8df5b4a7a000: 00000003 00000000 00000000 0001 03 34417
ffff8df59e416c00: 00000003 00000000 00000000 0001 03 14226
ffff8df5c4176000: 00000003 00000000 00000000 0001 03 17973 /run/user/1000/at-spi/bus
ffff8df5c4166000: 00000003 00000000 00000000 0001 03 17829
ffff8df5b13c3800: 00000003 00000000 00000000 0001 03 26680
ffff8df5966b4800: 00000003 00000000 00000000 0001 03 18271
ffff8df5c4156400: 00000003 00000000 00000000 0001 03 17723
ffff8df5a3fee800: 00000003 00000000 00000000 0001 03 16331
ffff8df68bd6e800: 00000003 00000000 00000000 0001 03  9121
ffff8df5b4a5a400: 00000003 00000000 00000000 0001 03 17471 /run/systemd/journal/stdout
ffff8df59e436800: 00000003 00000000 00000000 0001 03 15360 /run/dbus/system_bus_socket
ffff8df5a3fcec00: 00000003 00000000 00000000 0005 03 24041
ffff8df5c4176400: 00000003 00000000 00000000 0001 03 17943
ffff8df5c4166400: 00000003 00000000 00000000 0001 03 17208 /run/user/1000/bus
ffff8df5b4a7a400: 00000003 00000000 00000000 0001 03 17144
ffff8df5b4a61800: 00000002 00000000 00010000 0001 01 16582 /tmp/.ICE-unix/2032
ffff8df59e416800: 00000003 00000000 00000000 0001 03 18478 /run/user/1000/wayland-0
ffff8df5a3fce800: 00000003 00000000 00000000 0001 03 15992 /run/dbus/system_bus_socket
ffff8df68bd6e400: 00000003 00000000 00000000 0001 03 26734
ffff8df5966b4400: 00000003 00000000 00000000 0001 03 18279
ffff8df5a3fee400: 00000003 00000000 00000000 0001 03 17521
ffff8df5b13c3400: 00000003 00000000 00000000 0001 03 24401 /run/systemd/journal/stdout
ffff8df5c4156800: 00000003 00000000 00000000 0001 03 17707 /run/systemd/journal/stdout
ffff8df5b4a5a800: 00000003 00000000 00000000 0001 03 17463 /run/systemd/journal/stdout
ffff8df5c4166800: 00000003 00000000 00000000 0001 03 17830 /home/mark/.cache/ibus/dbus-uaXATr91
ffff8df5b4a7a800: 00000003 00000000 00000000 0001 03 35339 /run/systemd/journal/stdout
ffff8df5a3fce400: 00000003 00000000 00000000 0001 03 18356 /run/user/1000/bus
ffff8df59e416400: 00000003 00000000 00000000 0001 03 18299 /run/user/1000/bus
ffff8df5b13c3000: 00000003 00000000 00000000 0001 03 34446
ffff8df5c4156c00: 00000003 00000000 00000000 0001 03 17725
ffff8df5b4a5ac00: 00000003 00000000 00000000 0001 03 16984
ffff8df59e436000: 00000003 00000000 00000000 0001 03 15517
ffff8df5966b4000: 00000003 00000000 00000000 0001 03 18433 @/tmp/.X11-unix/X1
ffff8df5a3fee000: 00000003 00000000 00000000 0001 03 17191 /run/user/1000/wayland-0
ffff8df68bd6e000: 00000003 00000000 00000000 0001 03  9935 /run/dbus/system_bus_socket
ffff8df5c4176800: 00000003 00000000 00000000 0005 03 24040
ffff8df683ba0400: 00000002 00000000 00010000 0001 01  4366 /run/systemd/journal/io.systemd.journal
ffff8df59e416000: 00000003 00000000 00000000 0001 03 19635 /run/user/1000/bus
ffff8df5c4176c00: 00000003 00000000 00000000 0001 03 17944 /run/user/1000/bus
ffff8df5c4166c00: 00000003 00000000 00000000 0001 03 17905
ffff8df5b4a7ac00: 00000003 00000000 00000000 0001 03 17768 /run/systemd/journal/stdout
ffff8df5a3fce000: 00000003 00000000 00000000 0001 03 16577 /run/systemd/journal/stdout
ffff8df5c4141000: 00000003 00000000 00000000 0001 03 17105 /home/mark/.cache/ibus/dbus-uaXATr91
ffff8df5b4a4d000: 00000003 00000000 00000000 0001 03 17413 /run/systemd/journal/stdout
ffff8df5813c7c00: 00000003 00000000 00000000 0001 03 13060
ffff8df68ada9000: 00000003 00000000 00000000 0001 03  8414 /run/systemd/journal/stdout
ffff8df5c4171000: 00000003 00000000 00000000 0001 03 35378
ffff8df5a3fd9c00: 00000003 00000000 00000000 0001 03 23619 /run/user/1000/bus
ffff8df6267d9800: 00000003 00000000 00000000 0001 03 38835 /run/user/1000/at-spi/bus
ffff8df58668ec00: 00000002 00000000 00010000 0001 01 22478 /run/user/1000/snap.firefox/wayland-proxy-2906
ffff8df5c8bab000: 00000003 00000000 00000000 0001 03 18727
ffff8df680094800: 00000003 00000000 00000000 0005 03 22966
ffff8df5c4141400: 00000003 00000000 00000000 0001 03 17570 /run/user/1000/bus
ffff8df5a3fd9800: 00000002 00000000 00000000 0002 03 16040
ffff8df59e431800: 00000003 00000000 00000000 0001 03 15163
ffff8df680094c00: 00000003 00000000 00000000 0001 03  9517
ffff8df581256400: 00000003 00000000 00000000 0005 03 23063
ffff8df5b4a4d400: 00000003 00000000 00000000 0001 03 16885
ffff8df581256000: 00000003 00000000 00000000 0001 03 12756
ffff8df68ada9400: 00000003 00000000 00000000 0001 03  8289
ffff8df5c8bab400: 00000003 00000000 00000000 0001 03 17997
ffff8df5c4171400: 00000003 00000000 00000000 0001 03 17920 /run/user/1000/at-spi/bus
ffff8df5813c7800: 00000002 00000000 00000000 0002 01 14396
ffff8df5813c7400: 00000003 00000000 00000000 0001 03 17302
ffff8df5c4141800: 00000003 00000000 00000000 0001 03 17690 /run/systemd/journal/stdout
ffff8df5b4a77000: 00000002 00000000 00010000 0001 01 16698 /tmp/.X11-unix/X0
ffff8df581256c00: 00000003 00000000 00000000 0001 03 12501 /run/systemd/journal/stdout
ffff8df680094000: 00000003 00000000 00000000 0001 03  8024
ffff8df581256800: 00000003 00000000 00000000 0005 03 22988
ffff8df5b4a4d800: 00000003 00000000 00000000 0001 03 16889
ffff8df68ada9800: 00000003 00000000 00000000 0001 03  8413
ffff8df6267d9000: 00000003 00000000 00000000 0001 03 38830
ffff8df5a3fd9400: 00000003 00000000 00000000 0001 03 16303 /run/systemd/journal/stdout
ffff8df681c28800: 00000003 00000000 00000000 0001 03 25616 /run/user/1000/bus
ffff8df5c4171800: 00000003 00000000 00000000 0001 03 18453 /run/user/1000/bus
ffff8df5c8bab800: 00000003 00000000 00000000 0001 03 17990
ffff8df5c4141c00: 00000003 00000000 00000000 0001 03 17564 /run/user/1000/bus
ffff8df5b4a4dc00: 00000003 00000000 00000000 0001 03 17547 /run/systemd/journal/stdout
ffff8df68ada9c00: 00000003 00000000 00000000 0001 03  8646 /run/systemd/journal/stdout
ffff8df5813c7000: 00000003 00000000 00000000 0001 03 16453 /run/systemd/journal/stdout
ffff8df680094400: 00000003 00000000 00000000 0001 03  8735 /run/dbus/system_bus_socket
ffff8df5c4171c00: 00000003 00000000 00000000 0001 03 35377
ffff8df5b4a74c00: 00000002 00000000 00010000 0001 01 16700 /tmp/.X11-unix/X1
ffff8df6267d9400: 00000003 00000000 00000000 0001 03 38833 /run/user/1000/bus
ffff8df5a3fd9000: 00000003 00000000 00000000 0001 03 26063
ffff8df5c8babc00: 00000003 00000000 00000000 0001 03 18738
ffff8df59e431000: 00000002 00000000 00000000 0002 03 15186
ffff8df5c4140000: 00000003 00000000 00000000 0001 03 17565
ffff8df5b4a4c000: 00000003 00000000 00000000 0001 03 17558
ffff8df68ada8000: 00000003 00000000 00000000 0001 03  8644
ffff8df5c4170000: 00000003 00000000 00000000 0001 03 35511
ffff8df5c8baa000: 00000003 00000000 00000000 0001 03 17986 /run/dbus/system_bus_socket
ffff8df5a3fd8c00: 00000003 00000000 00000000 0001 03 17750 /run/dbus/system_bus_socket
ffff8df681c29000: 00000003 00000000 00000000 0001 03  6395
ffff8df59e430c00: 00000003 00000000 00000000 0002 03 15225
ffff8df5813c6c00: 00000003 00000000 00000000 0005 03 23998
ffff8df5c4140400: 00000003 00000000 00000000 0001 03 17568 /run/user/1000/bus
ffff8df5b4a4c400: 00000003 00000000 00000000 0001 03 17545 /run/systemd/journal/stdout
ffff8df5c4170400: 00000002 00000000 00000000 0002 01 35500
ffff8df581257000: 00000003 00000000 00000000 0001 03 23061
ffff8df581257400: 00000003 00000000 00000000 0005 03 23033
ffff8df5813c6800: 00000003 00000000 00000000 0001 03 13061 /run/dbus/system_bus_socket
ffff8df680095c00: 00000003 00000000 00000000 0001 03  8750 /run/dbus/system_bus_socket
ffff8df6267d8c00: 00000003 00000000 00000000 0001 03 45491
ffff8df5c8baa400: 00000003 00000000 00000000 0001 03 35371 /run/systemd/journal/stdout
ffff8df5a3fd8800: 00000003 00000000 00000000 0001 03 16103
ffff8df681c29400: 00000003 00000000 00000000 0001 03  6090 /run/systemd/io.systemd.ManagedOOM
ffff8df59e430400: 00000003 00000000 00000000 0001 03 15230
ffff8df680095000: 00000003 00000000 00000000 0001 03  9522
ffff8df68ada8800: 00000003 00000000 00000000 0001 03 18736
ffff8df5c4140800: 00000003 00000000 00000000 0001 03 17595
ffff8df681c29800: 00000002 00000000 00000000 0002 03  6567
ffff8df5c8baa800: 00000003 00000000 00000000 0001 03 17998 /run/user/1000/at-spi/bus
ffff8df5c4170800: 00000003 00000000 00000000 0001 03 17235
ffff8df5b4a4c800: 00000002 00000000 00000000 0002 01 16954
ffff8df5a3fd8400: 00000003 00000000 00000000 0001 03 16312 /run/systemd/journal/stdout
ffff8df5813c6000: 00000003 00000000 00000000 0001 03 35360
ffff8df5813c6400: 00000003 00000000 00000000 0005 03 23997
ffff8df581257800: 00000003 00000000 00000000 0001 03 23060
ffff8df581257c00: 00000003 00000000 00000000 0005 03 22989
ffff8df5c4140c00: 00000003 00000000 00000000 0001 03 17566
ffff8df5b4a4cc00: 00000003 00000000 00000000 0001 03 17546
ffff8df59e430000: 00000003 00000000 00000000 0001 03 15231 /run/systemd/oom/io.systemd.ManagedOOM
ffff8df680095400: 00000003 00000000 00000000 0001 03  8251 /run/systemd/journal/stdout
ffff8df5c4170c00: 00000003 00000000 00000000 0001 03 17223
ffff8df68ada8c00: 00000002 00000000 00000000 0002 03  8266
ffff8df5c8baac00: 00000003 00000000 00000000 0001 03 34431
ffff8df5a3fd8000: 00000003 00000000 00000000 0001 03 16302
ffff8df681c29c00: 00000003 00000000 00000000 0001 03  8570 /run/dbus/system_bus_socket
ffff8df5813c5800: 00000003 00000000 00000000 0005 03 24194
ffff8df5813c5c00: 00000003 00000000 00000000 0001 03 23973
ffff8df5b4a4f000: 00000003 00000000 00000000 0001 03 17451 /run/systemd/journal/stdout
ffff8df68adab000: 00000003 00000000 00000000 0001 03 18735
ffff8df5c4143000: 00000003 00000000 00000000 0001 03 17569
ffff8df581254400: 00000003 00000000 00000000 0001 03 12523
ffff8df680096800: 00000003 00000000 00000000 0001 03  4753 /run/systemd/journal/stdout
ffff8df6267db800: 00000003 00000000 00000000 0001 03 38834
ffff8df5c8ba9000: 00000003 00000000 00000000 0001 03 17285 /run/user/1000/bus
ffff8df5c4173000: 00000003 00000000 00000000 0001 03 17226
ffff8df5a3fdbc00: 00000003 00000000 00000000 0001 03 16311
ffff8df59e433c00: 00000003 00000000 00000000 0002 03 15224
ffff8df681c2a000: 00000003 00000000 00000000 0001 03  8569 /run/dbus/system_bus_socket
ffff8df5b4a4f400: 00000003 00000000 00000000 0001 03 17484 /run/user/1000/bus
ffff8df581254000: 00000003 00000000 00000000 0001 03 12504 /run/dbus/system_bus_socket
ffff8df5c4143400: 00000003 00000000 00000000 0001 03 17590
ffff8df5c4173400: 00000003 00000000 00000000 0001 03 17232
ffff8df5a3fdb800: 00000003 00000000 00000000 0001 03 16104 /run/user/1000/bus
ffff8df5c8ba9400: 00000003 00000000 00000000 0001 03 17985
ffff8df680096c00: 00000002 00000000 00000000 0002 03  9518
ffff8df5813c5400: 00000003 00000000 00000000 0001 03 23783
ffff8df68adab800: 00000003 00000000 00000000 0001 03 19634 /run/user/1000/wayland-0
ffff8df5c4143800: 00000003 00000000 00000000 0001 03 17067 /run/user/1000/bus
ffff8df59e433400: 00000003 00000000 00000000 0001 03 15062
ffff8df581254c00: 00000003 00000000 00000000 0001 03 11730 /run/dbus/system_bus_socket
ffff8df581254800: 00000003 00000000 00000000 0005 03 23062
ffff8df5b4a4f800: 00000003 00000000 00000000 0001 03 16944
ffff8df6267db000: 00000003 00000000 00000000 0001 03 37623 /run/user/1000/bus
ffff8df5c8ba9800: 00000003 00000000 00000000 0001 03 18007
ffff8df5c4173800: 00000003 00000000 00000000 0001 03 17233 /run/user/1000/pulse/native
ffff8df5a3fdb400: 00000003 00000000 00000000 0001 03 16137
ffff8df681c2a800: 00000003 00000000 00000000 0001 03  5690 /run/systemd/journal/stdout
ffff8df5813c5000: 00000003 00000000 00000000 0001 03 24195
ffff8df5c4143c00: 00000003 00000000 00000000 0001 03 17911 /run/user/1000/wayland-0
ffff8df5b4a4fc00: 00000003 00000000 00000000 0001 03 16906
ffff8df68adabc00: 00000003 00000000 00000000 0001 03  9060
ffff8df5c8ba9c00: 00000003 00000000 00000000 0001 03 19609 /run/systemd/journal/stdout
ffff8df681c2ac00: 00000003 00000000 00000000 0001 03  6384
ffff8df5c4173c00: 00000003 00000000 00000000 0001 03 17224 /run/snapd-snap.socket
ffff8df5a3fdb000: 00000003 00000000 00000000 0001 03 16138
ffff8df680096400: 00000002 00000000 00000000 0002 03  9521
ffff8df5c4142000: 00000003 00000000 00000000 0001 03 17585 /run/dbus/system_bus_socket
ffff8df5b4a4e000: 00000003 00000000 00000000 0001 03 16378 /run/systemd/journal/stdout
ffff8df68adaa000: 00000003 00000000 00000000 0001 03  8291 /run/systemd/journal/stdout
ffff8df59e432c00: 00000003 00000000 00000000 0001 03 14258 /run/systemd/journal/stdout
ffff8df5c8ba8000: 00000003 00000000 00000000 0001 03 18739 /run/user/1000/bus
ffff8df5c4172000: 00000003 00000000 00000000 0001 03 17227
ffff8df5a3fdac00: 00000003 00000000 00000000 0001 03 16089 /run/systemd/journal/stdout
ffff8df681c2b000: 00000003 00000000 00000000 0001 03  6520
ffff8df680097800: 00000003 00000000 00000000 0005 03 22965
ffff8df5813c4c00: 00000003 00000000 00000000 0005 03 23975
ffff8df5c4142400: 00000003 00000000 00000000 0001 03 17597 /run/dbus/system_bus_socket
ffff8df581255400: 00000003 00000000 00000000 0005 03 23034
ffff8df5813c4800: 00000003 00000000 00000000 0001 03 18312 /run/user/1000/bus
ffff8df680097c00: 00000003 00000000 00000000 0001 03 18300 /run/user/1000/at-spi/bus
ffff8df5b4a4e400: 00000003 00000000 00000000 0001 03 16888
ffff8df59e432800: 00000003 00000000 00000000 0001 03 15063 /run/dbus/system_bus_socket
ffff8df581255000: 00000003 00000000 00000000 0001 03 12503
ffff8df681c2b400: 00000002 00000000 00000000 0002 03  6493
ffff8df68adaa400: 00000003 00000000 00000000 0002 03  8392
ffff8df5c8ba8400: 00000003 00000000 00000000 0001 03 18740
ffff8df5c4172400: 00000003 00000000 00000000 0001 03 17936 /run/user/1000/pipewire-0
ffff8df68adaa800: 00000003 00000000 00000000 0001 03 11393 /run/systemd/journal/stdout
ffff8df680097000: 00000003 00000000 00000000 0001 03  4752
ffff8df5c4142800: 00000003 00000000 00000000 0001 03 17584
ffff8df5b4a4e800: 00000003 00000000 00000000 0001 03 16955
ffff8df581255c00: 00000003 00000000 00000000 0001 03 12522
ffff8df6267da000: 00000003 00000000 00000000 0001 03 38832
ffff8df5c8ba8800: 00000003 00000000 00000000 0001 03 17991 /run/user/1000/bus
ffff8df5c4172800: 00000003 00000000 00000000 0001 03 17921 /run/dbus/system_bus_socket
ffff8df5a3fda400: 00000003 00000000 00000000 0001 03 16088
ffff8df59e432400: 00000002 00000000 00000000 0002 03 15076
ffff8df681c2b800: 00000003 00000000 00000000 0001 03  5564 /run/systemd/journal/stdout
ffff8df5813c4400: 00000003 00000000 00000000 0005 03 23974
ffff8df5813c4000: 00000003 00000000 00000000 0001 03 23972
ffff8df5b4a4ec00: 00000003 00000000 00000000 0001 03 17483 /run/user/1000/bus
ffff8df5c4142c00: 00000003 00000000 00000000 0001 03 17699
ffff8df59e432000: 00000003 00000000 00000000 0001 03 15228 /run/dbus/system_bus_socket
ffff8df581255800: 00000003 00000000 00000000 0001 03 12500
ffff8df6267da400: 00000003 00000000 00000000 0001 03 45492
ffff8df5c4172c00: 00000003 00000000 00000000 0001 03 18481
ffff8df5c8ba8c00: 00000003 00000000 00000000 0001 03 17981 /run/dbus/system_bus_socket
ffff8df68adaac00: 00000003 00000000 00000000 0002 03  8393
ffff8df5a3fda000: 00000003 00000000 00000000 0001 03 17749
ffff8df681c28c00: 00000003 00000000 00000000 0001 03  8234 @e48317a4e19b0a75/bus/systemd-resolve/bus-api-resolve
ffff8df68ca30800: 00000003 00000000 00000000 0001 03  9494 @fa8239f9d9812978/bus/systemd-logind/system
ffff8df5b4a61000: 00000002 00000000 00010000 0001 01 16581 @/tmp/.ICE-unix/2032
ffff8df5b4a75400: 00000002 00000000 00010000 0001 01 16697 @/tmp/.X11-unix/X0
ffff8df5b4a77c00: 00000002 00000000 00010000 0001 01 16699 @/tmp/.X11-unix/X1
ffff8df68ca30400: 00000003 00000000 00000000 0001 03  8596 @7a111ca231c3405e/bus/systemd/bus-api-system
ffff8df5b13cd800: 00000003 00000000 00000000 0001 03 35363 @a05cad10ad1d11a0/bus/systemd/bus-api-user
ffff8df59e42b400: 00000003 00000000 00000000 0001 03 15477 @19587882561cdb3/bus/systemd/bus-api-user
ffff8df58123bc00: 00000003 00000000 00000000 0001 03 35226 @7bcf54cc9502a85a/bus/systemd/bus-system
ffff8df59e431400: 00000003 00000000 00000000 0001 03 15227 @945cd6c4a2d78951/bus/systemd/bus-system
ffff8df681c2bc00: 00000003 00000000 00000000 0001 03  8233 @ee284bd970262ce/bus/systemd-oomd/bus-api-oom
